8888888888888888888888
88888-------------8888
8888-             -888 5555555555
888-               -88 5555555555
888-               -88 5555555555
888-               -88 5555555555
8888-             -888 ----------
8888-             -888 ----------
88888-           -8888 ----------
888888-----------88888 ----------
8888888888888888888888 7777777777
8888888888888888888888 7777777777
888                888 7777777777  555555
8888888888888888888888 7777777777  55  55
                                   55  55 44444444
 00000000000000000000 22222 22222  55  55 44444444
 00000000000000000000 22222 22222  555555 44444444
 00000          00000 22222 22222  ------
 00000          00000              ------
 000              000 22222 22222  ------  22222
 00000000000000000000 22222 22222  ------  22222
 00000000000000000000 22222 22222  ------  22222

 1111111111111 333333 000000 1111  999999999  77777
 1111111111111 333333 000000 1111  999999999  77777
 1111111111111 333333 000000 ooo   999999999  77777
 1111111111111 333333        ooo